*rodNodes
0.000000e+00, 0.000000e+00, 0.000000e+00
2.000000e-02, 0.000000e+00, 0.000000e+00
4.000000e-02, 0.000000e+00, 0.000000e+00
6.000000e-02, 0.000000e+00, 0.000000e+00
8.000000e-02, 0.000000e+00, 0.000000e+00
10.000000e-02, 0.000000e+00, 0.000000e+00
12.000000e-02, 0.000000e+00, 0.000000e+00
14.000000e-02, 0.000000e+00, 0.000000e+00
16.000000e-02, 0.000000e+00, 0.000000e+00
18.000000e-02, 0.000000e+00, 0.000000e+00
20.000000e-02, 0.000000e+00, 0.000000e+00
22.000000e-02, 0.000000e+00, 0.000000e+00
24.000000e-02, 0.000000e+00, 0.000000e+00
26.000000e-02, 0.000000e+00, 0.000000e+00
28.000000e-02, 0.000000e+00, 0.000000e+00
30.000000e-02, 0.000000e+00, 0.000000e+00
32.000000e-02, 0.000000e+00, 0.000000e+00
34.000000e-02, 0.000000e+00, 0.000000e+00
36.000000e-02, 0.000000e+00, 0.000000e+00
38.000000e-02, 0.000000e+00, 0.000000e+00
40.000000e-02, 0.000000e+00, 0.000000e+00
42.000000e-02, 0.000000e+00, 0.000000e+00
44.000000e-02, 0.000000e+00, 0.000000e+00
46.000000e-02, 0.000000e+00, 0.000000e+00
48.000000e-02, 0.000000e+00, 0.000000e+00
50.000000e-02, 0.000000e+00, 0.000000e+00
52.000000e-02, 0.000000e+00, 0.000000e+00
54.000000e-02, 0.000000e+00, 0.000000e+00
56.000000e-02, 0.000000e+00, 0.000000e+00
58.000000e-02, 0.000000e+00, 0.000000e+00
60.000000e-02, 0.000000e+00, 0.000000e+00
62.000000e-02, 0.000000e+00, 0.000000e+00
64.000000e-02, 0.000000e+00, 0.000000e+00
66.000000e-02, 0.000000e+00, 0.000000e+00
68.000000e-02, 0.000000e+00, 0.000000e+00
70.000000e-02, 0.000000e+00, 0.000000e+00
72.000000e-02, 0.000000e+00, 0.000000e+00
74.000000e-02, 0.000000e+00, 0.000000e+00
76.000000e-02, 0.000000e+00, 0.000000e+00
78.000000e-02, 0.000000e+00, 0.000000e+00
80.000000e-02, 0.000000e+00, 0.000000e+00
82.000000e-02, 0.000000e+00, 0.000000e+00
84.000000e-02, 0.000000e+00, 0.000000e+00
86.000000e-02, 0.000000e+00, 0.000000e+00
88.000000e-02, 0.000000e+00, 0.000000e+00
90.000000e-02, 0.000000e+00, 0.000000e+00
92.000000e-02, 0.000000e+00, 0.000000e+00
94.000000e-02, 0.000000e+00, 0.000000e+00
96.000000e-02, 0.000000e+00, 0.000000e+00
98.000000e-02, 0.000000e+00, 0.000000e+00
100.000000e-02, 0.000000e+00, 0.000000e+00
*Edges
1,2
2,3
3,4
4,5
5,6
6,7
7,8
8,9
9,10
10,11
11,12
12,13
13,14
14,15
15,16
16,17
17,18
18,19
19,20
20,21
21,22
22,23
23,24
24,25
25,26
26,27
27,28
28,29
29,30
30,31
31,32
32,33
33,34
34,35
35,36
36,37
37,38
38,39
39,40
40,41
41,42
42,43
43,44
44,45
45,46
46,47
47,48
48,49
49,50
50,51
