*Nodes
0,0,0
0.0025,0.00125,0.0025
0.005,0.0025,0.005
0.0075,0.00375,0.0075
0.01,0.005,0.01
0.0125,0.00625,0.0125
0.015,0.0075,0.015
0.0175,0.00875,0.0175
0.02,0.01,0.02
0.0225,0.01125,0.0225
0.025,0.0125,0.025
0.0275,0.01375,0.0275
0.03,0.015,0.03
0.0325,0.01625,0.0325
0.035,0.0175,0.035
0.0375,0.01875,0.0375
0.04,0.02,0.04
0.0425,0.02125,0.0425
0.045,0.0225,0.045
0.0475,0.02375,0.0475
0.05,0.025,0.05
*Edges
1,2
2,3
3,4
4,5
5,6
6,7
7,8
8,9
9,10
10,11
11,12
12,13
13,14
14,15
15,16
16,17
17,18
18,19
19,20
20,21
