*rodNodes
-0.288675, 0.000000, -0.100000
-0.192450, 0.166667, -0.066667
-0.096225, 0.333333, -0.033333
-0.192450, -0.166667, -0.066667
-0.096225, -0.333333, -0.033333
-0.481125, 0.000000, -0.066667
-0.673575, 0.000000, -0.033333
*shellNodes
-0.866025, 0.000000, 0.000000
-0.649519, -0.125000, 0.000000
-0.649519, 0.125000, 0.000000
-0.433013, -0.250000, 0.000000
-0.433013, 0.000000, 0.000000
-0.433013, 0.250000, 0.000000
-0.216506, -0.375000, 0.000000
-0.216506, -0.125000, 0.000000
-0.216506, 0.125000, 0.000000
-0.216506, 0.375000, 0.000000
0.000000, -0.500000, 0.000000
0.000000, -0.250000, 0.000000
0.000000, 0.000000, 0.000000
0.000000, 0.250000, 0.000000
0.000000, 0.500000, 0.000000
*FaceNodes
9, 11, 12
13, 10, 12
10, 9, 12
9, 10, 8
19, 14, 18
17, 21, 22
15, 19, 20
11, 15, 12
15, 14, 19
14, 15, 11
16, 13, 12
16, 17, 13
21, 16, 20
17, 16, 21
16, 15, 20
15, 16, 12
*rodEdges
1, 2
2, 3
1, 4
4, 5
1, 6
6, 7
*rodshellJointEdges
3, 22
5, 18
7, 8
