*Nodes

0.016,0,0
0.0304956890143242,0,0
0.0453832295034852,0.00398910445135633,0
0.0594680445143089,0.0121209761893415,0
0.0715207694391074,0.0241737011141399,0
0.0803975298278979,0.0395487011141399,0
0.0851561486320083,0.0573081082649325,0
0.0851561486320083,0.0762476386814139,0
0.0801319358181663,0.0949982561707107,0
0.0702311960987033,0.112146840397336,0
0.0560140376841513,0.126363998811888,0
0.0384124007379255,0.136526308640969,0
0.0186533177864675,0.141820738960992,0
-0.016,-0,-0
-0.0304956890143242,-0,-0
-0.0453832295034852,-0.00398910445135633,-0
-0.0594680445143089,-0.0121209761893415,-0
-0.0715207694391074,-0.0241737011141399,-0
-0.0803975298278979,-0.0395487011141399,-0
-0.0851561486320083,-0.0573081082649325,-0
-0.0851561486320083,-0.0762476386814139,-0
-0.0801319358181663,-0.0949982561707107,-0
-0.0702311960987033,-0.112146840397336,-0
-0.0560140376841513,-0.126363998811888,-0
-0.0384124007379255,-0.136526308640969,-0
-0.0186533177864675,-0.141820738960992,-0
*Edges
1,2
2,3
3,4
4,5
5,6
6,7
7,8
8,9
9,10
10,11
11,12
12,13
14,15
15,16
16,17
17,18
18,19
19,20
20,21
21,22
22,23
23,24
24,25
25,26
