*Nodes
0,0,0
0.01,-0,-0
0.02,-0,-0
0.03,-0,-0
0.04,-0,-0
0.05,-0,-0
0.06,-0,-0
0.07,-0,-0
0.08,-0,-0
0.09,-0,-0
0.1,-0,-0
0.11,-0,-0
0.12,-0,-0
0.13,-0,-0
0.14,-0,-0
0.15,-0,-0
0.16,-0,-0
0.17,-0,-0
0.18,-0,-0
0.19,-0,-0
0.2,-0,-0
0.21,-0,-0
0.22,-0,-0
0.23,-0,-0
0.24,0,0
0.25,0,0
0.26,0,0
0.27,0,0
0.28,0,0
0.29,0,0
0.3,0,0
0.31,0,0
0.32,0,0
0.33,0,0
0.34,0,0
0.35,0,0
0.36,0,0
0.37,0,0
0.38,0,0
0.39,0,0
0.4,0,0
0.41,0,0
0.42,0,0
0.43,0,0
0.44,0,0
0.45,0,0
0.46,0,0
0.47,0,0
0.48,0,0
*Edges
1,2
2,3
3,4
4,5
5,6
6,7
7,8
8,9
9,10
10,11
11,12
12,13
13,14
14,15
15,16
16,17
17,18
18,19
19,20
20,21
21,22
22,23
23,24
24,25
25,26
26,27
27,28
28,29
29,30
30,31
31,32
32,33
33,34
34,35
35,36
36,37
37,38
38,39
39,40
40,41
41,42
42,43
43,44
44,45
45,46
46,47
47,48
48,49
